world: 6c4ec4cd-fe1a-407f-a677-c9fb4081900c
world-name: SpawnLobby
x: 384.4663120918827
y: 8.0
z: 517.5170495919557
yaw: 82.873046875
pitch: 74.30567932128906
name: Lobby
lastowner: bef16be2-c60d-3fec-aee4-f866eac40c9e
