world: 3b585df4-4b3c-4542-acbd-24e0ed0c26de
world-name: world
x: -30.3930069354777
y: 120.0
z: -32.30606404642273
yaw: -73.21510314941406
pitch: 57.481658935546875
name: survival
lastowner: bef16be2-c60d-3fec-aee4-f866eac40c9e
